22
    23 C	5.3154	-2.3587	1.61575    27    24    26    27    28
    24 C	6.43695	-1.99156	0.722167    20    23    25    29
    25 O	7.25069	-2.8265	0.351876    74    24
    26 H	5.3822	-3.44035	1.86359     1    23
    27 H	4.34528	-2.16472	1.11178     1    23
    28 H	5.36721	-1.77066	2.55628     1    23
    29 N	6.50619	-0.710632	0.35228    63    24    30    33
    30 C	7.56453	-0.194114	-0.479393    23    29    31    34    35
    31 C	7.76428	1.27	-0.135821    20    30    32    39
    32 O	6.97592	1.85674	0.60305    74    31
    33 H	5.86006	-0.0346194	0.694887     3    29
    34 H	8.48744	-0.709444	-0.244247     4    30
    35 C	7.21949	-0.356923	-1.97595    27    30    36    37    38
    36 H	6.27831	0.180375	-2.21995     1    35
    37 H	8.0328	0.0244965	-2.62677     1    35
    38 H	7.06985	-1.43509	-2.20289     1    35
    39 N	8.83625	1.89499	-0.661444    63    31    40    41
    40 C	9.1106	3.28602	-0.385872    61    39    42    43    44
    41 H	9.46512	1.40238	-1.25384     3    39
    42 H	10.0354	3.61555	-0.908739     1    40
    43 H	9.24878	3.45002	0.707422     1    40
    44 H	8.26674	3.92823	-0.727353     1    40
