22
    1 C	1.7147	-1.03753	-2.84535      27     2     4     5     6
    2 C	0.476126	-0.622476	-2.14907      20     1     3     7
    3 O	-0.544369	-0.36463	-2.77238      74     2
    4 H	1.53513	-1.04284	-3.94244       1     1
    5 H	2.01022	-2.05858	-2.52462       1     1
    6 H	2.53733	-0.326704	-2.6193       1     1
    7 N	0.54102	-0.545646	-0.817806      63     2     8    11
    8 C	-0.56942	-0.114915	-0.0054307      23     7     9    12    13
    9 C	-0.0145317	0.522643	1.2544      20     8    10    17
    10 O	1.18458	0.456687	1.51802      74     9
    11 H	1.3904	-0.719041	-0.327546       3     7
    12 H	-1.12491	0.648618	-0.5356       4     8
    13 C	-1.48781	-1.30488	0.349228      27     8    14    15    16
    14 H	-0.920922	-2.08379	0.902377       1    13
    15 H	-2.3542	-0.983766	0.96305       1    13
    16 H	-1.87594	-1.76088	-0.587665       1    13
    17 N	-0.879626	1.16646	2.06257      63     9    18    19
    18 C	-0.441971	1.80808	3.28034      61    17    20    21    22
    19 H	-1.84554	1.21264	1.8303       3    17
    20 H	-1.30022	2.28255	3.80523       1    18
    21 H	0.313097	2.59691	3.05922       1    18
    22 H	0.0244416	1.06716	3.96928       1    18
